timestamp,box#,class_name,class_id,confidence,upperleft_h,upperleft_v,bottomright_h, bottomright_v
1522711298606,1,0,car,81,529,490,508,447
1522711298606,2,0,car,86,543,486,525,447
1522711298606,3,0,car,80,557,476,544,446
1522711298606,4,0,car,70,570,473,559,445
1522711298706,1,0,car,71,543,491,519,447
1522711300006,1,0,car,70,380,389,380,378
1522711300006,2,0,car,73,384,389,383,379
1522711300006,3,0,car,88,383,417,373,383
1522711300006,4,0,car,90,386,411,385,387
1522711300006,5,0,car,70,390,405,410,404
1522711301606,1,0,car,73,414,412,402,383
1522711301606,2,0,car,81,436,419,413,376
1522711301606,3,0,car,88,453,421,429,370
1522711301606,4,0,car,77,460,417,442,373
1522711301707,1,0,car,75,450,422,420,362
1522711301806,1,0,car,73,417,406,402,372
1522711301806,2,0,car,77,438,413,414,368
1522711301806,3,0,car,80,451,412,430,365
1522711301806,4,0,car,74,465,411,439,356
1522711302006,1,0,car,73,447,412,437,384
1522711302006,2,0,car,75,470,411,454,372
1522711302206,1,0,car,83,411,408,407,391
1522711302206,2,0,car,70,441,458,407,397
1522711302206,3,0,car,75,415,486,356,388
1522711302206,4,0,car,85,433,486,384,397
1522711302206,5,0,car,87,440,484,406,416
1522711308206,1,0,car,81,547,482,443,325
1522711308206,2,0,car,86,576,523,440,326
1522711308206,3,0,car,74,589,536,442,333
1522711308206,4,0,car,83,560,540,419,321
1522711308206,5,0,car,83,594,588,412,325
1522711308206,6,0,car,70,608,606,409,335
1522711308206,7,0,car,81,529,510,418,333
1522711308206,8,0,car,90,568,588,396,320
1522711308206,9,0,car,95,613,641,394,324
1522711308206,10,0,car,87,623,642,403,340
1522711308206,11,0,car,70,546,532,414,331
1522711308206,12,0,car,86,588,610,394,321
1522711308206,13,0,car,91,632,665,398,329
1522711308206,14,0,car,84,642,656,421,351
1522711308206,15,0,car,81,560,545,429,343
1522711308206,16,0,car,93,596,612,409,332
1522711308206,17,0,car,96,623,645,422,344
1522711308206,18,0,car,94,635,638,446,368
1522711308206,19,0,car,86,609,604,454,389
1522711308206,20,0,car,80,561,549,438,361
1522711308206,21,0,car,89,590,596,425,348
1522711308206,22,0,car,91,615,630,429,352
1522711308206,23,0,car,89,626,625,455,377
1522711308206,24,0,car,82,608,603,459,395
1522711308206,25,0,car,80,546,529,455,382
1522711308206,26,0,car,90,570,553,450,367
1522711308206,27,0,car,91,592,573,453,361
1522711308206,28,0,car,85,606,575,467,371
1522711308206,29,0,car,80,597,563,477,386
1522711308206,30,0,car,75,590,545,492,395
1522711308206,31,0,car,74,608,534,522,397
1522711309406,1,4,stop,72,475,316,491,336
1522711309605,1,4,stop,70,78,265,104,293
1522711310306,1,0,car,71,372,391,350,348
1522711310306,2,0,car,73,382,407,345,348
1522711310306,3,0,car,76,399,415,348,337
1522711310306,4,0,car,70,414,422,349,327
1522711310306,5,0,car,70,543,510,414,330
1522711310306,6,0,car,71,396,484,320,367
1522711310306,7,0,car,72,404,486,325,369
1522711310306,8,0,car,71,414,484,344,379
1522711310306,9,0,car,77,477,482,416,390
1522711310306,10,0,car,84,504,486,437,387
1522711310306,11,0,car,81,521,490,447,382
1522711310306,12,0,car,77,541,507,446,370
1522711310306,13,0,car,72,400,494,338,398
1522711310306,14,0,car,71,405,486,362,414
1522711310306,15,0,car,71,464,486,429,425
1522711310306,16,0,car,82,488,488,449,422
1522711310306,17,0,car,93,511,495,462,417
1522711310306,18,0,car,93,536,503,463,394
1522711310306,19,0,car,75,550,507,467,385
1522711310406,1,0,car,75,519,460,435,313
1522711310406,2,0,car,83,531,487,428,306
1522711310406,3,0,car,76,537,510,421,315
1522711310406,4,0,car,71,520,454,439,323
1522711310406,5,0,car,77,527,482,425,316
1522711310406,6,0,car,74,551,477,437,315
1522711310406,7,0,car,78,545,499,423,310
1522711310406,8,0,car,80,582,515,434,315
1522711310406,9,0,car,86,582,531,427,308
1522711310406,10,0,car,86,579,545,422,315
1522711310406,11,0,car,81,569,538,426,342
1522711310406,12,0,car,88,582,543,435,336
1522711310406,13,0,car,88,593,543,448,336
1522711310406,14,0,car,78,595,538,458,341
1522711310406,15,0,car,87,569,544,445,366
1522711310406,16,0,car,90,593,550,461,362
1522711310406,17,0,car,86,610,555,471,356
1522711310406,18,0,car,82,605,544,479,360
1522711310406,19,0,car,74,601,528,493,365
1522711310506,1,0,car,71,538,535,389,312
1522711310506,2,0,car,74,516,477,397,304
1522711310506,3,0,car,85,540,531,382,306
1522711310506,4,0,car,76,551,561,380,309
1522711310506,5,0,car,79,556,564,366,294
1522711310506,6,0,car,74,568,537,401,304
1522711310506,7,0,car,82,577,572,386,302
1522711310506,8,0,car,78,577,599,378,301
1522711310506,9,0,car,70,587,599,396,310
1522711310506,10,0,car,73,566,546,418,335
1522711310506,11,0,car,87,576,574,399,326
1522711310506,12,0,car,83,583,582,405,325
1522711310506,13,0,car,72,593,572,430,336
1522711310506,14,0,car,85,568,570,407,349
1522711310506,15,0,car,86,582,574,423,351
1522711310506,16,0,car,72,599,567,448,352
1522711310606,1,0,car,87,521,468,419,304
1522711310606,2,0,car,87,544,531,398,306
1522711310606,3,0,car,83,568,570,410,319
1522711310606,4,0,car,79,512,466,411,293
1522711310606,5,0,car,94,524,504,402,308
1522711310606,6,0,car,94,550,570,374,308
1522711310606,7,0,car,88,572,614,376,315
1522711310606,8,0,car,80,578,622,376,327
1522711310606,9,0,car,85,560,577,372,310
1522711310606,10,0,car,85,579,642,345,310
1522711310606,11,0,car,82,607,684,343,310
1522711310606,12,0,car,78,597,606,375,304
1522711310606,13,0,car,85,608,650,356,297
1522711310606,14,0,car,78,627,681,362,298
1522711310606,15,0,car,89,606,616,396,324
1522711310606,16,0,car,94,615,647,379,312
1522711310606,17,0,car,94,622,654,386,314
1522711310606,18,0,car,90,615,634,403,328
1522711310606,19,0,car,82,597,595,429,350
1522711310606,20,0,car,79,571,556,429,349
1522711310606,21,0,car,96,576,570,421,342
1522711310606,22,0,car,98,586,572,438,346
1522711310606,23,0,car,93,588,567,451,357
1522711310606,24,0,car,87,585,552,473,374
1522711310606,25,0,car,75,595,552,484,376
1522711311006,1,0,car,97,527,351,525,331
1522711311006,2,0,car,97,560,369,549,336
1522711311006,3,0,car,87,573,359,588,345
1522711311305,1,0,car,70,398,429,350,353
1522711311305,2,0,car,73,417,479,352,378
1522711311906,1,0,car,74,357,367,355,362
1522711311906,2,0,car,72,377,369,368,356
1522711311906,3,0,car,73,395,365,386,353
1522711311906,4,0,car,79,410,366,400,352
1522711311906,5,0,car,80,425,365,415,349
1522711311906,6,0,car,74,354,375,350,365
1522711311906,7,0,car,93,361,377,356,365
1522711311906,8,0,car,89,373,381,364,359
1522711311906,9,0,car,77,394,379,379,350
1522711311906,10,0,car,74,413,378,396,344
1522711311906,11,0,car,79,359,392,345,365
1522711311906,12,0,car,92,368,390,357,364
1522711311906,13,0,car,86,377,393,361,359
1522711311906,14,0,car,73,398,394,372,351
1522711311906,15,0,car,81,367,410,339,366
1522711311906,16,0,car,92,381,409,355,365
1522711311906,17,0,car,79,392,414,358,362
1522711311906,18,0,car,70,406,418,365,358
1522711311906,19,0,car,83,408,450,345,361
1522711311906,20,0,car,71,420,457,349,357
1522711311906,21,0,car,71,394,471,319,363
1522711311906,22,0,car,88,417,474,335,358
1522711311906,23,0,car,81,432,479,343,354
1522711311906,24,0,car,75,425,470,348,356
1522711311906,25,0,car,75,409,505,313,359
1522711311906,26,0,car,89,431,510,325,355
1522711311906,27,0,car,74,401,518,313,378
1522711311906,28,0,car,84,423,517,331,380
1522711312506,1,0,car,72,370,393,359,376
1522711312506,2,0,car,80,434,391,417,362
1522711312506,3,0,car,71,374,395,365,377
1522711312506,4,0,car,92,379,411,359,375
1522711312506,5,0,car,85,416,448,362,372
1522711312506,6,0,car,78,374,411,360,384
1522711312506,7,0,car,93,391,429,361,372
1522711312506,8,0,car,95,425,462,363,360
1522711312506,9,0,car,92,445,490,363,361
1522711312506,10,0,car,83,458,505,363,362
1522711312506,11,0,car,80,420,468,349,366
1522711312506,12,0,car,87,447,498,346,353
1522711312506,13,0,car,93,464,540,330,349
1522711312506,14,0,car,89,483,580,316,354
1522711312506,15,0,car,76,436,505,346,373
1522711312506,16,0,car,79,465,538,342,364
1522711312506,17,0,car,86,496,600,315,351
1522711312506,18,0,car,79,517,628,307,351
1522711312606,1,0,car,73,374,394,363,371
1522711312606,2,0,car,76,376,408,361,374
1522711312606,3,0,car,86,380,409,364,370
1522711312606,4,0,car,84,399,416,376,369
1522711312606,5,0,car,74,391,432,362,376
1522711312606,6,0,car,79,406,455,363,385
1522711312606,7,0,car,78,429,464,374,377
1522711312606,8,0,car,72,447,466,385,364
1522711312606,9,0,car,82,430,492,362,377
1522711312606,10,0,car,83,451,499,375,372
1522711312606,11,0,car,76,467,502,374,352
1522711312606,12,0,car,87,430,510,346,374
1522711312606,13,0,car,89,443,513,358,373
1522711312606,14,0,car,82,452,510,365,372
1522711312706,1,0,car,71,376,412,357,378
1522711312706,2,0,car,77,397,417,369,371
1522711312706,3,0,car,80,415,418,380,363
1522711312706,4,0,car,81,435,418,398,357
1522711313005,1,0,car,72,485,493,431,403
1522711313205,1,0,car,73,373,391,363,366
1522711313205,2,0,car,84,379,391,367,364
1522711313205,3,0,car,86,379,408,358,367
1522711313205,4,0,car,93,391,412,366,367
1522711313205,5,0,car,94,410,421,373,367
1522711313205,6,0,car,92,426,428,385,365
1522711313205,7,0,car,74,433,421,401,366
1522711313205,8,0,car,76,389,432,349,373
1522711313205,9,0,car,84,406,439,362,373
1522711313205,10,0,car,85,422,450,372,377
1522711313205,11,0,car,87,433,459,378,372
1522711313205,12,0,car,70,437,452,388,371
1522711313205,13,0,car,84,411,461,359,384
1522711313205,14,0,car,91,423,471,369,385
1522711313205,15,0,car,90,433,476,372,375
1522711313205,16,0,car,73,438,469,381,375
1522711313205,17,0,car,76,406,484,338,382
1522711313205,18,0,car,80,421,487,357,387
1522711313205,19,0,car,87,420,487,366,392
1522711313205,20,0,car,83,428,490,367,387
1522711313205,21,0,car,85,411,506,334,387
1522711313205,22,0,car,83,424,501,354,394
1522711313205,23,0,car,80,417,494,362,405
1522711313205,24,0,car,74,419,495,366,414
1522711313306,1,0,car,78,365,375,364,369
1522711313306,2,0,car,89,369,378,366,368
1522711313306,3,0,car,73,368,393,363,375
1522711313306,4,0,car,84,372,393,364,371
1522711313306,5,0,car,75,373,406,362,382
1522711313306,6,0,car,86,378,410,364,377
1522711313306,7,0,car,75,406,425,368,362
1522711313306,8,0,car,76,392,431,361,380
1522711313306,9,0,car,72,403,450,360,388
1522711313306,10,0,car,72,424,465,368,377
1522711313306,11,0,car,70,409,490,352,399
1522711313406,1,0,car,71,396,398,378,371
1522711313406,2,0,car,75,385,407,370,378
1522711313406,3,0,car,83,400,413,377,373
1522711313406,4,0,car,71,427,419,390,362
1522711313406,5,0,car,74,404,480,375,419
1522711313406,6,0,car,70,433,474,412,429
1522711313505,1,0,car,76,384,418,369,386
1522711313505,2,0,car,76,396,424,373,383
1522711313606,1,0,car,77,368,387,368,380
1522711313606,2,0,car,73,364,408,361,395
1522711313606,3,0,car,78,374,410,369,393
1522711313606,4,0,car,75,399,415,381,384
1522711313805,1,0,car,81,368,392,365,380
1522711313805,2,0,car,87,372,391,369,379
1522711313805,3,0,car,75,390,398,378,374
1522711313805,4,0,car,70,318,405,313,387
1522711313805,5,0,car,79,326,406,321,389
1522711313805,6,0,car,80,347,410,334,386
1522711313805,7,0,car,90,369,407,362,387
1522711313805,8,0,car,92,375,407,369,386
1522711313805,9,0,car,84,394,413,376,377
1522711313805,10,0,car,77,426,425,386,365
1522711313805,11,0,car,72,441,434,392,359
1522711313805,12,0,car,71,372,428,346,384
1522711313805,13,0,car,75,386,436,358,382
1522711313805,14,0,car,74,421,464,363,371
1522711313805,15,0,car,70,454,490,367,364
1522711313805,16,0,car,76,355,449,323,397
1522711313805,17,0,car,76,367,448,332,391
1522711313805,18,0,car,83,386,452,353,391
1522711313805,19,0,car,79,419,470,368,388
1522711313805,20,0,car,75,448,487,370,376
1522711313805,21,0,car,72,373,477,324,401
1522711313805,22,0,car,81,395,483,347,401
1522711313805,23,0,car,81,434,498,369,391
1522711313805,24,0,car,78,464,512,373,373
1522711313805,25,0,car,75,487,529,362,347
1522711313805,26,0,car,72,372,489,333,421
1522711313805,27,0,car,79,392,492,356,426
1522711313805,28,0,car,71,417,497,373,414
1522711313805,29,0,car,70,446,505,379,393
1522711313805,30,0,car,73,469,511,381,375
1522711313906,1,0,car,70,372,391,368,377
1522711313906,2,0,car,71,372,414,359,388
1522711313906,3,0,car,77,380,413,368,387
1522711313906,4,0,car,70,429,422,394,365
1522711313906,5,0,car,80,411,461,377,405
1522711313906,6,0,car,72,425,469,390,396
1522711313906,7,0,car,76,416,486,373,408
1522711313906,8,0,car,76,433,497,381,397
1522711313906,9,0,car,75,389,478,367,436
1522711313906,10,0,car,84,402,485,379,435
1522711313906,11,0,car,87,419,494,390,431
1522711313906,12,0,car,71,436,502,400,430
1522711314005,1,0,car,73,371,392,367,376
1522711314005,2,0,car,77,392,419,366,374
1522711314005,3,0,car,82,419,431,377,367
1522711314005,4,0,car,84,435,435,382,355
1522711314005,5,0,car,81,444,431,395,356
1522711314005,6,0,car,75,432,472,405,420
1522711314305,1,0,car,73,472,358,474,355
1522711314305,2,0,car,85,368,377,368,373
1522711314305,3,0,car,78,396,386,381,361
1522711314305,4,0,car,82,420,383,405,355
1522711314305,5,0,car,81,434,383,418,351
1522711314305,6,0,car,79,447,382,430,353
1522711314305,7,0,car,77,466,380,451,352
1522711314305,8,0,car,74,477,373,472,359
1522711314305,9,0,car,74,366,389,365,379
1522711314305,10,0,car,85,370,388,367,375
1522711314305,11,0,car,86,400,400,377,366
1522711314305,12,0,car,86,424,401,398,358
1522711314305,13,0,car,80,437,401,410,356
1522711314305,14,0,car,72,451,403,421,358
1522711314305,15,0,car,73,467,401,441,357
1522711314305,16,0,car,84,369,408,362,388
1522711314305,17,0,car,90,378,410,365,381
1522711314305,18,0,car,94,414,428,372,364
1522711314305,19,0,car,96,440,444,385,353
1522711314305,20,0,car,96,453,445,398,355
1522711314305,21,0,car,93,465,454,400,356
1522711314305,22,0,car,86,475,442,416,353
1522711314305,23,0,car,79,485,424,445,356
1522711314305,24,0,car,76,389,437,359,386
1522711314305,25,0,car,85,430,464,363,365
1522711314305,26,0,car,89,461,485,373,352
1522711314305,27,0,car,84,469,473,392,360
1522711314305,28,0,car,85,478,479,388,354
1522711314305,29,0,car,71,483,479,392,353
1522711314305,30,0,car,78,395,450,360,393
1522711314305,31,0,car,91,430,471,368,377
1522711314305,32,0,car,92,457,486,380,365
1522711314305,33,0,car,88,469,479,397,367
1522711314305,34,0,car,86,475,474,403,368
1522711314305,35,0,car,77,478,477,405,366
1522711314305,36,0,car,79,425,486,369,399
1522711314305,37,0,car,83,449,501,379,389
1522711314305,38,0,car,75,462,492,403,395
1522711314305,39,0,car,70,488,490,414,377
1522711314305,40,0,car,70,394,480,362,427
1522711314305,41,0,car,80,411,483,377,431
1522711314305,42,0,car,86,427,484,394,432
1522711314305,43,0,car,88,440,484,408,433
1522711314305,44,0,car,75,456,483,424,426
1522711314305,45,0,car,76,483,493,428,405
1522711314405,1,0,car,77,384,412,366,369
1522711314405,2,0,car,74,416,432,366,350
1522711314405,3,0,car,72,447,457,370,338
1522711314405,4,0,car,77,462,452,391,343
1522711314606,1,0,car,88,385,410,373,381
1522711314606,2,0,car,88,394,415,379,380
1522711314606,3,0,car,85,411,422,386,374
1522711314606,4,0,car,73,428,436,385,370
1522711314606,5,0,car,78,390,430,370,385
1522711314606,6,0,car,81,402,442,373,382
1522711314606,7,0,car,74,396,451,363,384
1522711314606,8,0,car,75,409,465,365,379
1522711314705,1,0,car,77,412,414,387,371
1522711314705,2,0,car,75,423,418,390,361
1522711314705,3,0,car,76,428,436,382,367
1522711314705,4,0,car,72,433,444,381,360
1522711314705,5,0,car,81,426,450,380,383
1522711314705,6,0,car,81,432,457,380,371
1522711314705,7,0,car,73,440,467,374,362
1522711314705,8,0,car,76,425,466,381,395
1522711314705,9,0,car,73,436,472,383,381
1522711314705,10,0,car,74,440,484,376,375
1522711315005,1,0,car,74,518,450,469,354
1522711315005,2,0,car,73,529,460,473,355
1522711315005,3,0,car,72,524,497,441,357
1522711315005,4,0,car,71,538,513,438,353
1522711315005,5,0,car,73,533,492,445,359
1522711315005,6,0,car,75,540,510,441,357
1522711315005,7,0,car,76,510,504,454,402
1522711315005,8,0,car,87,541,520,455,386
1522711315005,9,0,car,95,558,532,456,377
1522711315005,10,0,car,93,578,547,455,365
1522711315005,11,0,car,84,591,547,468,364
1522711315106,1,0,car,70,369,384,368,378
1522711315106,2,0,car,79,395,403,372,368
1522711315106,3,0,car,82,425,403,393,355
1522711315106,4,0,car,84,449,401,417,353
1522711315106,5,0,car,80,453,394,434,359
1522711315106,6,0,car,74,461,397,440,361
1522711315106,7,0,car,70,373,412,360,380
1522711315106,8,0,car,90,379,411,364,377
1522711315106,9,0,car,94,411,433,367,366
1522711315106,10,0,car,94,449,454,379,354
1522711315106,11,0,car,94,472,455,400,352
1522711315106,12,0,car,89,476,445,416,355
1522711315106,13,0,car,85,482,442,425,357
1522711315106,14,0,car,72,464,479,375,355
1522711315106,15,0,car,75,478,474,392,355
1522711315106,16,0,car,72,485,464,408,356
1522711315106,17,0,car,78,434,474,371,374
1522711315106,18,0,car,78,460,483,385,367
1522711315106,19,0,car,79,475,481,400,366
1522711315106,20,0,car,80,489,477,407,359
1522711315106,21,0,car,77,502,469,422,357
1522711315106,22,0,car,84,422,483,377,401
1522711315106,23,0,car,90,440,490,386,395
1522711315106,24,0,car,91,454,491,400,397
1522711315106,25,0,car,92,476,492,411,391
1522711315106,26,0,car,94,499,489,431,384
1522711315106,27,0,car,88,500,481,437,383
1522711315106,28,0,car,78,512,493,438,378
1522711315106,29,0,car,78,528,494,458,383
1522711315106,30,0,car,82,399,475,397,447
1522711315106,31,0,car,92,403,477,406,452
1522711315106,32,0,car,92,420,479,419,447
1522711315106,33,0,car,92,457,486,429,432
1522711315106,34,0,car,92,485,488,442,415
1522711315106,35,0,car,89,499,488,446,405
1522711315106,36,0,car,87,521,503,449,393
1522711315106,37,0,car,87,541,514,465,393
1522711315106,38,0,car,78,559,523,479,394
1522711315106,39,0,car,73,574,525,494,393
1522711315206,1,0,car,72,483,495,404,375
1522711315206,2,0,car,77,495,496,409,369
1522711315206,3,0,car,75,505,501,412,361
1522711315206,4,0,car,76,465,497,407,408
1522711315206,5,0,car,84,482,505,407,392
1522711315206,6,0,car,87,502,509,415,379
1522711315206,7,0,car,86,514,516,419,378
1522711315206,8,0,car,85,532,527,433,380
1522711315206,9,0,car,81,548,527,457,387
1522711315206,10,0,car,73,561,524,473,388
1522711315406,1,0,car,89,368,390,363,376
1522711315406,2,0,car,85,373,390,366,373
1522711315406,3,0,car,70,397,394,381,365
1522711315406,4,0,car,86,378,427,342,371
1522711315406,5,0,car,97,381,417,359,375
1522711315406,6,0,car,96,384,416,363,376
1522711315406,7,0,car,91,400,419,372,374
1522711315406,8,0,car,78,386,448,339,380
1522711315406,9,0,car,93,393,441,356,384
1522711315406,10,0,car,91,389,437,361,387
1522711315406,11,0,car,80,398,439,365,384
1522711315406,12,0,car,70,387,465,335,389
1522711315406,13,0,car,91,390,459,350,396
1522711315406,14,0,car,91,390,453,356,397
1522711315406,15,0,car,86,398,452,362,394
1522711315406,16,0,car,88,388,471,345,399
1522711315406,17,0,car,87,389,468,349,401
1522711315406,18,0,car,82,401,472,356,399
1522711315406,19,0,car,78,382,480,340,412
1522711315406,20,0,car,84,388,480,348,415
1522711315406,21,0,car,80,398,480,361,420
1522711315805,1,1,pedestrian,70,566,468,452,335
1522711315805,2,1,pedestrian,71,576,468,473,335
1522711315805,3,1,pedestrian,77,573,548,406,329
1522711315805,4,1,pedestrian,85,574,551,418,337
1522711315805,5,1,pedestrian,73,576,554,440,358
1522711315805,6,1,pedestrian,72,592,549,457,360
1522711315906,1,0,car,72,438,373,415,346
1522711315906,2,0,car,78,455,385,420,343
1522711315906,3,1,pedestrian,72,592,478,482,338
1522711315906,4,1,pedestrian,74,644,596,413,317
1522711315906,5,1,pedestrian,81,626,545,446,319
1522711315906,6,1,pedestrian,77,613,477,505,327
1522711316206,1,1,pedestrian,77,469,360,472,354
1522711316206,2,1,pedestrian,78,482,400,451,343
1522711316206,3,1,pedestrian,74,493,426,439,341
1522711316206,4,1,pedestrian,76,501,456,425,350
1522711316206,5,1,pedestrian,74,523,498,404,338
1522711316206,6,1,pedestrian,70,527,512,403,344
1522711316206,7,1,pedestrian,80,489,504,397,370
1522711316206,8,1,pedestrian,83,519,516,407,356
1522711316206,9,1,pedestrian,76,554,532,415,339
1522711316206,10,1,pedestrian,74,514,522,408,370
1522711316206,11,1,pedestrian,70,544,530,424,356
1522711316306,1,0,car,72,426,378,410,347
1522711316306,2,0,car,81,435,377,424,349
1522711316306,3,0,car,70,441,375,434,355
1522711316306,4,0,car,71,345,392,339,372
1522711316306,5,0,car,79,361,394,346,364
1522711316306,6,0,car,80,384,391,366,356
1522711316306,7,0,car,85,406,390,383,349
1522711316306,8,0,car,85,429,391,405,345
1522711316306,9,0,car,86,439,388,422,349
1522711316306,10,0,car,74,443,386,430,353
1522711316306,11,0,car,82,351,409,338,378
1522711316306,12,0,car,90,369,417,343,373
1522711316306,13,0,car,91,401,432,353,361
1522711316306,14,0,car,93,427,435,369,350
1522711316306,15,0,car,84,446,432,385,346
1522711316306,16,0,car,82,446,416,406,353
1522711316306,17,0,car,78,363,441,334,389
1522711316306,18,0,car,89,392,459,338,380
1522711316306,19,0,car,91,426,486,339,364
1522711316306,20,0,car,92,451,488,355,354
1522711316306,21,0,car,83,461,481,367,350
1522711316306,22,0,car,77,454,461,380,353
1522711316306,23,0,car,75,364,451,332,398
1522711316306,24,0,car,88,395,470,336,385
1522711316306,25,0,car,90,428,502,331,362
1522711316306,26,0,car,91,456,514,344,351
1522711316306,27,0,car,83,474,515,354,344
1522711316306,28,0,car,81,466,499,362,347
1522711316306,29,0,car,80,395,483,334,394
1522711316306,30,0,car,84,423,511,331,375
1522711316306,31,0,car,85,450,521,347,365
1522711316306,32,0,car,75,470,517,363,359
1522711316306,33,0,car,77,390,490,331,398
1522711316306,34,0,car,85,415,506,338,386
1522711316306,35,0,car,85,439,513,354,382
1522711316904,1,0,car,73,419,419,353,337
1522711316904,2,0,car,81,451,449,367,341
1522711316904,3,0,car,75,492,439,418,343
1522711316904,4,0,car,71,490,407,449,348
1522711316904,5,0,car,70,420,407,369,336
1522711316904,6,0,car,83,454,428,383,335
1522711316904,7,0,car,83,468,429,399,337
1522711316904,8,0,car,89,478,431,402,333
1522711316904,9,0,car,88,482,422,415,333
1522711316904,10,0,car,81,482,399,442,339
1522711316904,11,0,car,85,457,445,374,328
1522711316904,12,0,car,90,487,455,389,321
1522711316904,13,0,car,85,491,445,397,324
1522711316904,14,0,car,89,486,433,404,324
1522711316904,15,0,car,93,483,424,412,330
1522711316904,16,0,car,92,481,412,428,338
1522711316904,17,0,car,70,491,402,452,344
1522711316904,18,0,car,70,406,469,330,361
1522711316904,19,0,car,80,448,485,352,346
1522711316904,20,0,car,94,472,488,368,341
1522711316904,21,0,car,98,492,479,383,325
1522711316904,22,0,car,95,495,465,387,321
1522711316904,23,0,car,97,496,455,391,313
1522711316904,24,0,car,98,497,443,404,313
1522711316904,25,0,car,97,493,430,416,321
1522711316904,26,0,car,85,495,427,428,332
1522711316904,27,0,car,82,444,515,333,359
1522711316904,28,0,car,94,474,527,346,351
1522711316904,29,0,car,99,484,522,357,353
1522711316904,30,0,car,99,489,505,372,348
1522711316904,31,0,car,99,482,475,383,342
1522711316904,32,0,car,99,480,461,385,334
1522711316904,33,0,car,99,492,453,395,323
1522711316904,34,0,car,99,493,443,407,328
1522711316904,35,0,car,91,493,447,406,335
1522711316904,36,0,car,79,480,539,340,347
1522711316904,37,0,car,95,509,552,348,348
1522711316904,38,0,car,98,503,538,358,363
1522711316904,39,0,car,99,492,511,370,363
1522711316904,40,0,car,99,477,482,376,359
1522711316904,41,0,car,99,473,464,381,350
1522711316904,42,0,car,99,485,451,391,334
1522711316904,43,0,car,98,493,443,402,326
1522711316904,44,0,car,86,497,452,402,330
1522711316904,45,0,car,88,491,554,336,332
1522711316904,46,0,car,98,512,554,349,338
1522711316904,47,0,car,99,512,544,354,354
1522711316904,48,0,car,99,506,522,360,360
1522711316904,49,0,car,99,486,503,359,360
1522711316904,50,0,car,99,472,482,365,356
1522711316904,51,0,car,99,484,466,385,348
1522711316904,52,0,car,98,487,457,401,348
1522711316904,53,0,car,88,493,458,416,354
1522711316904,54,0,car,87,483,570,335,343
1522711316904,55,0,car,96,502,566,352,347
1522711316904,56,0,car,98,510,551,365,360
1522711316904,57,0,car,99,502,519,376,376
1522711316904,58,0,car,99,486,505,374,375
1522711316904,59,0,car,99,473,492,378,375
1522711316904,60,0,car,99,481,495,380,368
1522711316904,61,0,car,96,487,496,389,365
1522711316904,62,0,car,88,499,494,413,368
1522711316904,63,0,car,77,517,497,427,357
1522711316904,64,0,car,73,440,542,329,371
1522711316904,65,0,car,92,453,538,348,381
1522711316904,66,0,car,96,455,517,374,399
1522711316904,67,0,car,97,456,501,389,415
1522711316904,68,0,car,98,462,502,390,406
1522711316904,69,0,car,98,473,506,391,393
1522711316904,70,0,car,95,485,498,397,378
1522711316904,71,0,car,83,495,497,405,370
1522711317006,1,0,car,76,417,417,354,338
1522711317006,2,0,car,81,446,436,366,335
1522711317006,3,0,car,80,464,433,387,334
1522711317006,4,0,car,72,481,374,458,342
1522711317006,5,0,car,70,412,405,361,332
1522711317006,6,0,car,70,442,416,382,334
1522711317006,7,0,car,70,465,415,405,337
1522711317006,8,0,car,75,475,409,419,336
1522711317006,9,0,car,76,476,392,434,335
1522711317006,10,0,car,71,486,373,456,335
1522711317006,11,0,car,77,404,403,358,334
1522711317006,12,0,car,88,432,427,364,330
1522711317006,13,0,car,91,456,437,380,327
1522711317006,14,0,car,87,475,429,404,329
1522711317006,15,0,car,88,485,422,416,326
1522711317006,16,0,car,89,483,407,426,324
1522711317006,17,0,car,89,491,394,444,324
1522711317006,18,0,car,76,494,385,465,334
1522711317006,19,0,car,79,376,422,328,352
1522711317006,20,0,car,91,411,439,343,336
1522711317006,21,0,car,95,432,453,350,328
1522711317006,22,0,car,98,455,472,358,328
1522711317006,23,0,car,99,473,475,372,324
1522711317006,24,0,car,99,489,466,384,322
1522711317006,25,0,car,98,493,456,395,323
1522711317006,26,0,car,98,495,445,404,319
1522711317006,27,0,car,97,500,436,417,318
1522711317006,28,0,car,90,495,426,427,329
1522711317006,29,0,car,79,394,448,328,354
1522711317006,30,0,car,96,434,482,338,341
1522711317006,31,0,car,98,464,504,345,338
1522711317006,32,0,car,99,480,511,353,343
1522711317006,33,0,car,99,479,495,364,340
1522711317006,34,0,car,99,479,472,376,334
1522711317006,35,0,car,99,484,458,389,332
1522711317006,36,0,car,99,484,450,393,329
1522711317006,37,0,car,99,486,454,391,327
1522711317006,38,0,car,93,491,457,393,327
1522711317006,39,0,car,72,410,467,329,352
1522711317006,40,0,car,95,456,499,336,327
1522711317006,41,0,car,99,492,513,349,326
1522711317006,42,0,car,99,504,509,355,331
1522711317006,43,0,car,99,489,482,360,336
1522711317006,44,0,car,99,479,461,367,333
1522711317006,45,0,car,99,476,447,383,335
1522711317006,46,0,car,99,479,445,388,334
1522711317006,47,0,car,99,479,457,377,330
1522711317006,48,0,car,92,488,475,378,328
1522711317006,49,0,car,85,414,491,326,354
1522711317006,50,0,car,97,456,517,333,329
1522711317006,51,0,car,99,497,531,348,313
1522711317006,52,0,car,99,519,532,352,305
1522711317006,53,0,car,100,507,513,349,308
1522711317006,54,0,car,100,498,494,358,316
1522711317006,55,0,car,99,492,472,379,335
1522711317006,56,0,car,99,478,474,373,342
1522711317006,57,0,car,99,479,494,357,335
1522711317006,58,0,car,95,498,511,370,334
1522711317006,59,0,car,76,410,509,316,361
1522711317006,60,0,car,97,446,537,320,343
1522711317006,61,0,car,99,481,547,338,331
1522711317006,62,0,car,99,500,546,345,325
1522711317006,63,0,car,99,496,526,355,329
1522711317006,64,0,car,99,498,512,370,336
1522711317006,65,0,car,99,494,495,388,351
1522711317006,66,0,car,98,484,505,374,351
1522711317006,67,0,car,97,487,521,368,343
1522711317006,68,0,car,88,508,534,382,344
1522711317006,69,0,car,76,427,528,318,358
1522711317006,70,0,car,92,446,532,337,362
1522711317006,71,0,car,95,462,529,354,365
1522711317006,72,0,car,96,470,519,366,364
1522711317006,73,0,car,96,482,510,378,362
1522711317006,74,0,car,95,490,507,390,364
1522711317006,75,0,car,88,494,511,390,360
1522711317006,76,0,car,86,505,526,387,350
1522711317106,1,0,car,74,416,362,382,326
1522711317106,2,0,car,85,456,392,396,324
1522711317106,3,0,car,90,471,393,413,324
1522711317106,4,0,car,86,482,394,424,326
1522711317106,5,0,car,88,493,477,360,312
1522711317106,6,0,car,94,509,488,371,316
1522711317106,7,0,car,84,519,486,381,315
1522711317106,8,0,car,73,500,461,387,324
1522711317106,9,0,car,83,514,472,388,323
1522711317106,10,0,car,76,479,431,392,303
1522711317106,11,0,car,92,514,457,405,306
1522711317106,12,0,car,96,517,475,393,312
1522711317106,13,0,car,91,494,471,375,317
1522711317106,14,0,car,78,495,455,392,317
1522711317106,15,0,car,82,493,456,390,307
1522711317106,16,0,car,97,527,480,400,300
1522711317106,17,0,car,99,521,485,390,301
1522711317106,18,0,car,98,499,485,367,306
1522711317106,19,0,car,95,499,481,370,313
1522711317106,20,0,car,90,516,465,404,319
1522711317106,21,0,car,88,526,441,441,318
1522711317106,22,0,car,92,524,503,387,320
1522711317106,23,0,car,99,537,509,394,322
1522711317106,24,0,car,99,522,497,393,327
1522711317106,25,0,car,99,501,492,372,324
1522711317106,26,0,car,99,492,494,359,332
1522711317106,27,0,car,98,504,503,371,338
1522711317106,28,0,car,95,520,498,396,337
1522711317106,29,0,car,76,535,477,439,340
1522711317106,30,0,car,86,554,517,392,325
1522711317106,31,0,car,99,554,509,397,327
1522711317106,32,0,car,99,531,486,391,332
1522711317106,33,0,car,99,504,475,376,334
1522711317106,34,0,car,99,488,474,366,337
1522711317106,35,0,car,94,494,496,357,334
1522711317106,36,0,car,80,515,518,366,329
1522711317106,37,0,car,94,540,523,384,319
1522711317106,38,0,car,99,549,518,390,314
1522711317106,39,0,car,100,536,505,389,320
1522711317106,40,0,car,100,515,500,379,331
1522711317106,41,0,car,99,497,512,360,340
1522711317106,42,0,car,99,508,543,347,339
1522711317106,43,0,car,92,531,571,352,332
1522711317106,44,0,car,75,547,570,384,332
1522711317106,45,0,car,76,481,524,365,349
1522711317106,46,0,car,91,513,529,381,341
1522711317106,47,0,car,98,528,526,393,338
1522711317106,48,0,car,99,522,517,399,350
1522711317106,49,0,car,99,509,511,395,361
1522711317106,50,0,car,99,503,524,383,364
1522711317106,51,0,car,97,514,547,377,358
1522711317106,52,0,car,88,537,574,375,345
1522711317106,53,0,car,86,485,513,390,377
1522711317106,54,0,car,96,492,502,407,385
1522711317106,55,0,car,97,491,493,422,396
1522711317106,56,0,car,93,492,491,430,399
1522711317106,57,0,car,84,511,505,434,388
1522711317206,1,0,car,70,461,421,394,336
1522711317206,2,0,car,76,410,393,366,339
1522711317206,3,0,car,76,432,420,366,333
1522711317206,4,0,car,82,457,458,359,332
1522711317206,5,0,car,88,498,500,357,329
1522711317206,6,0,car,84,519,514,368,327
1522711317206,7,0,car,80,463,444,367,321
1522711317206,8,0,car,86,503,484,366,316
1522711317206,9,0,car,81,514,499,368,321
1522711317206,10,0,car,84,445,431,363,325
1522711317206,11,0,car,95,482,451,375,320
1522711317206,12,0,car,97,503,461,384,318
1522711317206,13,0,car,97,506,479,377,322
1522711317206,14,0,car,91,504,477,382,321
1522711317206,15,0,car,87,515,463,406,321
1522711317206,16,0,car,82,524,435,449,332
1522711317206,17,0,car,82,535,410,487,338
1522711317206,18,0,car,70,546,388,526,350
1522711317206,19,0,car,73,415,417,365,337
1522711317206,20,0,car,92,438,429,371,323
1522711317206,21,0,car,96,462,444,371,310
1522711317206,22,0,car,99,490,466,371,305
1522711317206,23,0,car,99,506,478,376,307
1522711317206,24,0,car,99,513,484,381,312
1522711317206,25,0,car,98,510,484,380,319
1522711317206,26,0,car,98,521,485,393,318
1522711317206,27,0,car,97,534,475,416,316
1522711317206,28,0,car,94,540,458,439,319
1522711317206,29,0,car,84,548,442,473,336
1522711317206,30,0,car,79,432,464,355,338
1522711317206,31,0,car,95,460,475,372,337
1522711317206,32,0,car,98,472,478,377,338
1522711317206,33,0,car,99,484,482,372,325
1522711317206,34,0,car,99,507,484,383,322
1522711317206,35,0,car,100,515,478,395,326
1522711317206,36,0,car,99,513,479,393,330
1522711317206,37,0,car,99,515,486,396,334
1522711317206,38,0,car,99,528,504,394,326
1522711317206,39,0,car,97,537,512,397,322
1522711317206,40,0,car,88,548,504,431,333
1522711317206,41,0,car,75,453,491,356,352
1522711317206,42,0,car,96,489,503,372,349
1522711317206,43,0,car,99,490,489,384,356
1522711317206,44,0,car,99,484,476,383,353
1522711317206,45,0,car,100,496,470,395,351
1522711317206,46,0,car,100,498,467,403,352
1522711317206,47,0,car,100,504,466,404,348
1522711317206,48,0,car,100,516,469,411,346
1522711317206,49,0,car,99,520,476,414,347
1522711317206,50,0,car,98,525,496,406,344
1522711317206,51,0,car,90,545,502,436,343
1522711317206,52,0,car,81,465,495,359,351
1522711317206,53,0,car,96,485,493,377,356
1522711317206,54,0,car,99,483,482,384,360
1522711317206,55,0,car,99,482,482,376,352
1522711317206,56,0,car,100,500,488,376,344
1522711317206,57,0,car,100,507,490,380,348
1522711317206,58,0,car,100,518,506,374,343
1522711317206,59,0,car,99,534,523,383,348
1522711317206,60,0,car,99,535,542,383,356
1522711317206,61,0,car,95,537,558,389,359
1522711317206,62,0,car,80,549,555,421,364
1522711317206,63,0,car,85,473,522,349,344
1522711317206,64,0,car,96,487,518,362,345
1522711317206,65,0,car,99,481,503,373,355
1522711317206,66,0,car,99,484,509,370,354
1522711317206,67,0,car,100,505,519,379,359
1522711317206,68,0,car,100,512,533,382,372
1522711317206,69,0,car,100,527,564,370,369
1522711317206,70,0,car,99,551,590,377,371
1522711317206,71,0,car,99,549,594,380,378
1522711317206,72,0,car,95,544,591,387,379
1522711317206,73,0,car,82,548,570,426,391
1522711317206,74,0,car,84,463,535,336,344
1522711317206,75,0,car,94,475,531,348,346
1522711317206,76,0,car,97,473,517,358,354
1522711317206,77,0,car,99,479,513,368,359
1522711317206,78,0,car,99,499,517,387,365
1522711317206,79,0,car,99,508,516,406,381
1522711317206,80,0,car,98,514,514,419,389
1522711317206,81,0,car,97,528,517,437,398
1522711317206,82,0,car,94,533,517,447,405
1522711317206,83,0,car,87,533,514,462,414
1522711317306,1,0,car,79,415,392,369,335
1522711317306,2,0,car,82,446,426,372,336
1522711317306,3,0,car,77,468,442,384,338
1522711317306,4,0,car,76,426,423,372,351
1522711317306,5,0,car,81,453,459,364,343
1522711317306,6,0,car,80,465,478,363,345
1522711317306,7,0,car,81,464,466,383,352
1522711317306,8,0,car,76,468,449,399,350
1522711317306,9,0,car,71,487,426,430,348
1522711317306,10,0,car,76,419,423,366,354
1522711317306,11,0,car,91,438,439,372,349
1522711317306,12,0,car,97,450,459,366,341
1522711317306,13,0,car,97,453,477,361,346
1522711317306,14,0,car,96,460,483,363,344
1522711317306,15,0,car,96,467,480,370,345
1522711317306,16,0,car,96,487,474,395,345
1522711317306,17,0,car,93,514,453,441,349
1522711317306,18,0,car,85,528,434,472,348
1522711317306,19,0,car,80,533,421,487,346
1522711317306,20,0,car,71,543,419,500,347
1522711317306,21,0,car,85,449,469,363,350
1522711317306,22,0,car,96,463,469,374,351
1522711317306,23,0,car,99,461,474,371,345
1522711317306,24,0,car,99,468,484,366,338
1522711317306,25,0,car,99,472,492,361,337
1522711317306,26,0,car,99,477,501,353,337
1522711317306,27,0,car,99,497,506,377,346
1522711317306,28,0,car,99,520,500,416,353
1522711317306,29,0,car,98,532,484,441,353
1522711317306,30,0,car,97,536,471,452,347
1522711317306,31,0,car,88,545,466,467,346
1522711317306,32,0,car,70,456,510,342,348
1522711317306,33,0,car,93,476,505,358,351
1522711317306,34,0,car,99,491,495,372,353
1522711317306,35,0,car,99,479,479,377,350
1522711317306,36,0,car,100,474,474,371,341
1522711317306,37,0,car,100,477,479,366,337
1522711317306,38,0,car,100,477,478,362,339
1522711317306,39,0,car,99,491,481,382,349
1522711317306,40,0,car,99,514,480,412,355
1522711317306,41,0,car,98,531,491,421,350
1522711317306,42,0,car,94,539,489,439,346
1522711317306,43,0,car,80,546,486,460,350
1522711317306,44,0,car,83,465,522,342,346
1522711317306,45,0,car,97,486,515,361,348
1522711317306,46,0,car,99,499,503,370,348
1522711317306,47,0,car,100,488,486,376,354
1522711317306,48,0,car,100,481,485,373,349
1522711317306,49,0,car,100,474,482,370,348
1522711317306,50,0,car,100,474,489,359,345
1522711317306,51,0,car,100,495,499,372,343
1522711317306,52,0,car,99,517,502,399,348
1522711317306,53,0,car,98,528,507,416,350
1522711317306,54,0,car,93,536,496,448,360
1522711317306,55,0,car,80,537,479,482,377
1522711317306,56,0,car,75,455,536,331,351
1522711317306,57,0,car,95,478,532,349,348
1522711317306,58,0,car,99,487,517,366,352
1522711317306,59,0,car,99,475,498,375,361
1522711317306,60,0,car,100,472,492,379,364
1522711317306,61,0,car,100,471,491,384,371
1522711317306,62,0,car,100,475,506,376,371
1522711317306,63,0,car,99,500,519,392,372
1522711317306,64,0,car,99,519,524,414,377
1522711317306,65,0,car,97,528,523,428,379
1522711317306,66,0,car,89,529,500,460,393
1522711317306,67,0,car,70,528,472,501,414
1522711317306,68,0,car,93,452,530,343,369
1522711317306,69,0,car,97,462,518,356,367
1522711317306,70,0,car,99,464,506,363,366
1522711317306,71,0,car,99,473,503,374,368
1522711317306,72,0,car,99,477,501,387,376
1522711317306,73,0,car,99,481,501,398,381
1522711317306,74,0,car,98,501,503,420,385
1522711317306,75,0,car,96,516,504,440,390
1522711317306,76,0,car,89,527,506,452,393
1522711317306,77,0,car,78,536,498,473,402
1522711317405,1,0,car,81,493,439,428,330
1522711317405,2,0,car,85,504,447,434,334
1522711317405,3,0,car,84,522,465,439,330
1522711317405,4,0,car,85,544,478,443,330
1522711317405,5,0,car,79,558,477,461,337
1522711317405,6,0,car,72,509,471,414,332
1522711317405,7,0,car,81,515,467,419,334
1522711317405,8,0,car,84,517,474,422,345
1522711317405,9,0,car,84,533,506,417,345
1522711317405,10,0,car,85,555,533,416,342
1522711317405,11,0,car,79,573,550,423,336
1522711317405,12,0,car,71,501,483,413,356
1522711317405,13,0,car,74,507,483,413,349
1522711317405,14,0,car,82,515,481,418,346
1522711317405,15,0,car,82,525,486,430,351
1522711317405,16,0,car,80,550,507,432,346
1522711317405,17,0,car,83,563,531,425,343
1522711317405,18,0,car,72,566,544,426,347
1522711317405,19,0,car,75,474,480,404,382
1522711317405,20,0,car,83,489,484,412,375
1522711317405,21,0,car,88,498,488,417,369
1522711317405,22,0,car,87,509,494,421,367
1522711317405,23,0,car,82,527,502,432,369
1522711317405,24,0,car,78,554,520,440,365
1522711317405,25,0,car,77,561,531,442,368
1522711317405,26,0,car,70,562,534,451,382
1522711317405,27,0,car,71,471,501,392,390
1522711317405,28,0,car,82,486,503,406,390
1522711317405,29,0,car,89,495,506,412,386
1522711317405,30,0,car,90,507,510,421,382
1522711317405,31,0,car,89,531,511,439,379
1522711317405,32,0,car,84,549,511,459,386
1522711317405,33,0,car,84,556,510,479,397
1522711317405,34,0,car,79,558,505,499,413
1522711317505,1,0,car,78,451,406,399,339
1522711317505,2,0,car,85,468,414,416,344
1522711317505,3,0,car,92,481,422,423,347
1522711317505,4,0,car,89,494,430,429,345
1522711317505,5,0,car,89,510,422,453,346
1522711317505,6,0,car,89,518,404,489,352
1522711317505,7,0,car,85,515,381,521,362
1522711317505,8,0,car,76,523,324,601,377
1522711317505,9,0,car,81,490,476,392,340
1522711317505,10,0,car,71,505,488,397,346
1522711317505,11,0,car,76,538,504,410,342
1522711317505,12,0,car,80,553,486,439,345
1522711317505,13,0,car,82,556,472,462,353
1522711317505,14,0,car,71,559,439,509,364
1522711317505,15,0,car,72,472,456,396,343
1522711317505,16,0,car,88,490,493,385,342
1522711317505,17,0,car,88,518,533,380,344
1522711317505,18,0,car,87,537,545,393,351
1522711317505,19,0,car,88,550,538,401,346
1522711317505,20,0,car,91,550,517,420,340
1522711317505,21,0,car,73,551,460,478,356
1522711317505,22,0,car,80,424,417,376,349
1522711317505,23,0,car,85,453,431,392,346
1522711317505,24,0,car,89,467,444,399,343
1522711317505,25,0,car,96,472,460,394,338
1522711317505,26,0,car,98,496,500,387,337
1522711317505,27,0,car,99,521,544,382,342
1522711317505,28,0,car,99,536,578,367,342
1522711317505,29,0,car,99,543,577,364,337
1522711317505,30,0,car,99,540,558,378,335
1522711317505,31,0,car,94,544,511,429,344
1522711317505,32,0,car,78,422,445,357,342
1522711317505,33,0,car,90,452,456,372,343
1522711317505,34,0,car,94,474,461,386,344
1522711317505,35,0,car,97,481,467,394,343
1522711317505,36,0,car,98,486,481,392,336
1522711317505,37,0,car,99,502,515,381,329
1522711317505,38,0,car,99,518,554,374,334
1522711317505,39,0,car,99,532,592,356,330
1522711317505,40,0,car,99,535,595,349,321
1522711317505,41,0,car,99,538,577,359,318
1522711317505,42,0,car,95,542,535,407,334
1522711317505,43,0,car,80,447,487,345,333
1522711317505,44,0,car,89,483,501,360,328
1522711317505,45,0,car,91,503,504,372,331
1522711317505,46,0,car,94,513,500,384,332
1522711317505,47,0,car,98,522,501,395,337
1522711317505,48,0,car,99,519,511,391,331
1522711317505,49,0,car,99,526,531,376,325
1522711317505,50,0,car,99,538,560,361,324
1522711317505,51,0,car,99,542,586,347,320
1522711317505,52,0,car,99,544,604,341,323
1522711317505,53,0,car,96,564,603,362,316
1522711317505,54,0,car,86,448,503,338,336
1522711317505,55,0,car,95,486,517,355,326
1522711317505,56,0,car,97,512,518,374,327
1522711317505,57,0,car,99,524,510,387,328
1522711317505,58,0,car,99,542,507,400,329
1522711317505,59,0,car,100,540,504,401,333
1522711317505,60,0,car,100,525,509,385,333
1522711317505,61,0,car,100,529,528,374,330
1522711317505,62,0,car,100,542,560,366,331
1522711317505,63,0,car,100,562,604,362,330
1522711317505,64,0,car,97,585,615,385,331
1522711317505,65,0,car,86,451,536,320,340
1522711317505,66,0,car,92,485,549,336,332
1522711317505,67,0,car,96,515,548,361,328
1522711317505,68,0,car,99,534,537,385,327
1522711317505,69,0,car,99,545,532,398,328
1522711317505,70,0,car,100,543,527,404,331
1522711317505,71,0,car,100,537,528,399,334
1522711317505,72,0,car,100,542,544,390,333
1522711317505,73,0,car,100,560,566,392,332
1522711317505,74,0,car,99,567,584,397,345
1522711317505,75,0,car,96,582,594,415,359
1522711317505,76,0,car,80,447,542,317,346
1522711317505,77,0,car,89,467,548,337,350
1522711317505,78,0,car,94,491,545,361,352
1522711317505,79,0,car,98,507,536,381,350
1522711317505,80,0,car,99,517,527,398,355
1522711317505,81,0,car,99,516,519,413,367
1522711317505,82,0,car,99,515,514,423,377
1522711317505,83,0,car,99,522,513,438,384
1522711317505,84,0,car,99,533,513,456,393
1522711317505,85,0,car,99,542,517,467,402
1522711317505,86,0,car,92,557,522,481,408
1522711317505,87,0,car,71,562,515,506,422
1522711317606,1,0,car,71,384,397,364,359
1522711317606,2,0,car,71,400,403,375,360
1522711317606,3,0,car,72,432,418,400,360
1522711317606,4,0,car,71,448,430,404,357
1522711317606,5,0,car,77,472,445,416,351
1522711317606,6,0,car,89,499,471,425,347
1522711317606,7,0,car,89,515,497,419,347
1522711317606,8,0,car,90,538,536,408,342
1522711317606,9,0,car,88,563,541,424,334
1522711317606,10,0,car,78,550,482,493,364
1522711317606,11,0,car,70,382,411,340,351
1522711317606,12,0,car,82,398,415,354,354
1522711317606,13,0,car,89,409,421,366,358
1522711317606,14,0,car,87,420,428,376,361
1522711317606,15,0,car,89,436,437,389,361
1522711317606,16,0,car,86,454,453,397,353
1522711317606,17,0,car,93,474,467,411,347
1522711317606,18,0,car,98,493,482,422,343
1522711317606,19,0,car,98,514,516,407,338
1522711317606,20,0,car,99,529,540,402,336
1522711317606,21,0,car,98,543,533,420,336
1522711317606,22,0,car,89,535,480,485,370
1522711317606,23,0,car,75,409,464,329,353
1522711317606,24,0,car,81,428,466,342,351
1522711317606,25,0,car,88,436,456,358,354
1522711317606,26,0,car,85,442,450,369,354
1522711317606,27,0,car,83,451,450,383,361
1522711317606,28,0,car,75,467,458,396,359
1522711317606,29,0,car,86,482,470,412,357
1522711317606,30,0,car,95,504,503,415,354
1522711317606,31,0,car,98,521,553,390,352
1522711317606,32,0,car,98,537,588,368,343
1522711317606,33,0,car,97,552,578,394,349
1522711317606,34,0,car,80,545,511,465,372
1522711317606,35,0,car,85,421,489,324,354
1522711317606,36,0,car,91,443,493,340,351
1522711317606,37,0,car,94,451,479,358,354
1522711317606,38,0,car,95,460,470,370,349
1522711317606,39,0,car,94,466,464,382,352
1522711317606,40,0,car,89,482,467,394,351
1522711317606,41,0,car,94,500,476,409,353
1522711317606,42,0,car,98,508,492,412,357
1522711317606,43,0,car,99,517,522,398,355
1522711317606,44,0,car,99,528,551,388,354
1522711317606,45,0,car,98,542,547,419,367
1522711317606,46,0,car,90,550,507,481,387
1522711317606,47,0,car,77,403,505,312,370
1522711317606,48,0,car,90,421,506,325,365
1522711317606,49,0,car,93,445,514,333,357
1522711317606,50,0,car,95,457,504,351,357
1522711317606,51,0,car,96,470,497,365,350
1522711317606,52,0,car,98,477,490,379,352
1522711317606,53,0,car,98,499,496,390,347
1522711317606,54,0,car,99,522,510,402,343
1522711317606,55,0,car,99,534,531,401,340
1522711317606,56,0,car,99,540,548,398,342
1522711317606,57,0,car,98,540,567,401,356
1522711317606,58,0,car,96,552,558,434,379
1522711317606,59,0,car,74,551,514,486,415
1522711317606,60,0,car,78,410,509,329,386
1522711317606,61,0,car,84,431,511,343,382
1522711317606,62,0,car,92,443,509,354,380
1522711317606,63,0,car,95,460,510,361,369
1522711317606,64,0,car,97,475,509,373,364
1522711317606,65,0,car,98,496,513,388,363
1522711317606,66,0,car,99,507,516,404,370
1522711317606,67,0,car,99,514,519,420,382
1522711317606,68,0,car,99,522,518,439,395
1522711317606,69,0,car,99,525,518,458,410
1522711317606,70,0,car,98,530,504,485,428
1522711317606,71,0,car,84,540,486,515,444
1522711317705,1,0,car,71,362,428,319,358
1522711317705,2,0,car,74,385,432,336,355
1522711317705,3,0,car,81,414,442,352,349
1522711317705,4,0,car,84,434,449,362,344
1522711317705,5,0,car,84,440,454,363,341
1522711317705,6,0,car,78,447,457,368,341
1522711317705,7,0,car,72,478,438,431,354
1522711317705,8,0,car,72,451,486,352,347
1522711317705,9,0,car,75,454,488,349,341
1522711317705,10,0,car,73,410,485,330,365
1522711317705,11,0,car,74,430,486,346,360
1522711317705,12,0,car,76,447,486,354,348
1522711317705,13,0,car,77,454,487,352,341
1522711317705,14,0,car,81,465,496,357,344
1522711317705,15,0,car,72,469,498,369,356
1522711317705,16,0,car,80,410,504,322,372
1522711317705,17,0,car,85,430,507,332,362
1522711317705,18,0,car,89,450,508,343,353
1522711317705,19,0,car,91,464,515,348,349
1522711317705,20,0,car,92,477,519,356,350
1522711317705,21,0,car,89,487,513,376,360
1522711317705,22,0,car,72,492,505,393,371
1522711317705,23,0,car,80,398,501,328,392
1522711317705,24,0,car,84,418,501,341,384
1522711317705,25,0,car,82,437,501,353,378
1522711317705,26,0,car,77,451,500,363,373
1522711317705,27,0,car,71,468,502,375,371
1522711317705,28,0,car,71,479,498,391,376
1522711317806,1,0,car,76,455,506,345,342
1522711317806,2,0,car,70,420,512,314,354
1522711317806,3,0,car,72,431,507,328,352
1522711317806,4,0,car,77,446,514,333,347
1522711317806,5,0,car,87,464,519,346,345
1522711317806,6,0,car,75,458,510,360,361
1522711318105,1,0,car,73,314,399,301,372
1522711318105,2,0,car,76,323,414,303,380
1522711318105,3,0,car,73,344,421,317,378
1522711318105,4,0,car,82,362,423,330,371
1522711318105,5,0,car,82,374,418,347,369
1522711318105,6,0,car,79,395,423,359,358
1522711318105,7,0,car,76,421,433,368,347
1522711318105,8,0,car,75,445,451,371,337
1522711318105,9,0,car,74,479,480,392,352
1522711318105,10,0,car,86,491,468,421,357
1522711318105,11,0,car,70,507,473,435,362
1522711318105,12,0,car,72,387,492,303,364
1522711318105,13,0,car,76,407,530,292,356
1522711318105,14,0,car,74,422,534,296,347
1522711318105,15,0,car,75,436,534,306,346
1522711318105,16,0,car,73,455,536,328,350
1522711318105,17,0,car,74,496,545,358,349
1522711318105,18,0,car,80,390,515,304,379
1522711318105,19,0,car,80,404,513,317,376
1522711318105,20,0,car,79,420,513,334,376
1522711318105,21,0,car,77,443,517,351,375
1522711318105,22,0,car,78,475,520,375,372
1522711318105,23,0,car,72,499,521,390,366
1522711318105,24,0,car,87,499,519,390,360
1522711318105,25,0,car,90,505,523,391,361
1522711318105,26,0,car,93,518,519,415,371
1522711318105,27,0,car,87,523,511,435,382
1522711318105,28,0,car,89,522,505,450,397
1522711318105,29,0,car,87,525,493,477,415
1522711318105,30,0,car,77,529,475,516,437
1522711318205,1,0,car,74,367,410,331,353
1522711318205,2,0,car,76,437,399,409,346
1522711318205,3,0,car,91,454,407,426,357
1522711318205,4,0,car,94,468,418,444,361
1522711318205,5,0,car,84,481,422,457,365
1522711318205,6,0,car,77,503,424,470,357
1522711318205,7,0,car,80,524,421,491,354
1522711318205,8,0,car,76,333,432,293,371
1522711318205,9,0,car,84,374,448,313,357
1522711318205,10,0,car,75,380,425,337,354
1522711318205,11,0,car,70,441,428,382,337
1522711318205,12,0,car,90,464,432,400,340
1522711318205,13,0,car,97,473,437,417,363
1522711318205,14,0,car,98,475,443,436,373
1522711318205,15,0,car,96,478,442,443,371
1522711318205,16,0,car,87,490,459,424,363
1522711318205,17,0,car,88,515,507,402,355
1522711318205,18,0,car,87,544,517,425,346
1522711318205,19,0,car,73,373,485,283,360
1522711318205,20,0,car,80,381,485,290,353
1522711318205,21,0,car,85,504,496,382,330
1522711318205,22,0,car,96,519,505,399,347
1522711318205,23,0,car,97,508,497,415,370
1522711318205,24,0,car,95,496,476,422,374
1522711318205,25,0,car,90,497,480,407,368
1522711318205,26,0,car,86,520,535,380,365
1522711318205,27,0,car,78,556,559,401,356
1522711318205,28,0,car,74,373,483,287,355
1522711318205,29,0,car,86,376,485,291,353
1522711318205,30,0,car,79,385,477,309,359
1522711318205,31,0,car,90,514,519,393,352
1522711318205,32,0,car,96,532,531,401,357
1522711318205,33,0,car,98,531,536,402,360
1522711318205,34,0,car,94,520,520,407,368
1522711318205,35,0,car,82,510,520,398,379
1522711318205,36,0,car,83,529,558,390,378
1522711318205,37,0,car,84,554,571,408,379
1522711318205,38,0,car,75,378,509,273,353
1522711318205,39,0,car,84,383,510,282,352
1522711318205,40,0,car,80,391,503,299,358
1522711318205,41,0,car,79,464,512,366,370
1522711318205,42,0,car,97,506,534,394,370
1522711318205,43,0,car,99,524,539,403,375
1522711318205,44,0,car,99,521,546,399,379
1522711318205,45,0,car,98,519,533,406,380
1522711318205,46,0,car,87,521,527,416,389
1522711318205,47,0,car,87,532,545,417,392
1522711318205,48,0,car,89,547,565,424,400
1522711318205,49,0,car,74,360,504,271,370
1522711318205,50,0,car,81,371,509,279,369
1522711318205,51,0,car,85,380,508,296,374
1522711318205,52,0,car,81,391,504,313,379
1522711318205,53,0,car,70,411,507,330,381
1522711318205,54,0,car,77,428,504,353,385
1522711318205,55,0,car,86,449,505,377,391
1522711318205,56,0,car,97,483,515,401,387
1522711318205,57,0,car,99,495,516,411,392
1522711318205,58,0,car,99,496,514,417,394
1522711318205,59,0,car,98,497,504,431,401
1522711318205,60,0,car,94,500,493,455,419
1522711318205,61,0,car,95,510,493,470,428
1522711318205,62,0,car,93,521,493,487,436
1522711318205,63,0,car,77,539,495,505,434
1522711318305,1,0,car,76,443,410,426,374
1522711318305,2,0,car,75,457,405,446,376
1522711318305,3,0,car,70,493,434,476,390
1522711318305,4,0,car,70,493,501,391,355
1522711318305,5,0,car,83,465,509,390,387
1522711318305,6,0,car,90,479,512,403,392
1522711318305,7,0,car,92,487,505,427,405
1522711318305,8,0,car,87,486,483,462,423
1522711318305,9,0,car,79,488,464,487,436
1522711318405,1,0,car,79,500,471,426,359
1522711318405,2,0,car,80,500,451,449,370
1522711318405,3,0,car,72,500,437,460,366
1522711318405,4,0,car,78,535,542,406,362
1522711318405,5,0,car,81,536,517,429,370
1522711318405,6,0,car,72,525,491,441,372
1522711318405,7,0,car,84,546,542,416,357
1522711318405,8,0,car,87,549,532,434,367
1522711318405,9,0,car,79,540,524,435,373
1522711318405,10,0,car,70,531,527,429,373
1522711318405,11,0,car,70,506,530,386,361
1522711318405,12,0,car,85,529,545,392,352
1522711318405,13,0,car,89,543,546,410,355
1522711318405,14,0,car,80,543,526,438,371
1522711318405,15,0,car,73,489,516,389,372
1522711318405,16,0,car,91,502,519,399,371
1522711318405,17,0,car,96,516,520,414,370
1522711318405,18,0,car,94,529,518,436,377
1522711318405,19,0,car,89,530,515,448,388
1522711318405,20,0,car,77,528,507,471,404
1522711318805,1,0,car,71,384,436,332,361
1522711318805,2,0,car,73,364,481,299,387
1522711318805,3,0,car,73,379,478,319,392
1522711318805,4,0,car,70,365,485,291,376
1522711318805,5,0,car,71,374,501,295,379
1522711318805,6,0,car,73,386,505,309,385
1522711318805,7,0,car,71,358,497,277,374
1522711318805,8,0,car,83,365,496,292,380
1522711318805,9,0,car,85,378,505,302,382
1522711318805,10,0,car,88,389,510,317,393
1522711318805,11,0,car,79,402,509,333,400
1522711318805,12,0,car,82,421,505,355,400
1522711318805,13,0,car,75,443,503,373,393
1522711318805,14,0,car,72,463,502,393,391
1522711318905,1,0,car,78,343,454,284,369
1522711318905,2,0,car,70,385,499,286,371
1522711318905,3,0,car,84,407,532,276,368
1522711318905,4,0,car,87,403,537,264,358
1522711318905,5,0,car,87,405,493,303,348
1522711318905,6,0,car,76,405,456,332,345
1522711318905,7,0,car,77,423,448,350,338
1522711318905,8,0,car,72,437,432,381,340
1522711318905,9,0,car,80,449,426,399,346
1522711318905,10,0,car,83,457,421,417,358
1522711318905,11,0,car,83,467,423,434,366
1522711318905,12,0,car,70,363,474,278,356
1522711318905,13,0,car,72,410,565,241,343
1522711318905,14,0,car,81,365,482,271,344
1522711318905,15,0,car,70,398,494,292,344
1522711318905,16,0,car,76,396,501,282,340
1522711318905,17,0,car,86,389,517,269,346
1522711318905,18,0,car,85,401,519,286,359
1522711318905,19,0,car,70,409,511,306,368
1522711318905,20,0,car,78,358,491,264,349
1522711318905,21,0,car,73,391,506,286,344
1522711318905,22,0,car,82,398,524,279,340
1522711318905,23,0,car,88,402,542,274,346
1522711318905,24,0,car,86,414,545,289,357
1522711318905,25,0,car,74,383,512,290,364
1522711318905,26,0,car,89,395,518,300,368
1522711318905,27,0,car,90,408,524,314,376
1522711318905,28,0,car,82,416,519,330,388
1522711318905,29,0,car,74,427,514,343,387
1522711318905,30,0,car,79,440,509,362,388
1522711319305,1,0,car,81,373,485,294,378
1522711319305,2,0,car,73,376,458,320,371
1522711319406,1,0,car,73,371,499,260,329
1522711319406,2,0,car,72,385,496,275,327
1522711319406,3,0,car,80,376,528,263,349
1522711322005,1,3,green,95,81,246,101,285
1522711322205,1,4,stop,80,53,281,71,305
1522711322405,1,4,stop,95,16,270,37,297
1522711323305,1,1,pedestrian,80,315,403,264,337
1522711323305,2,1,pedestrian,71,330,397,280,335
1522711323305,3,1,pedestrian,70,357,373,321,327
1522711323305,4,1,pedestrian,92,300,427,234,343
1522711323305,5,1,pedestrian,96,326,427,247,329
1522711323305,6,1,pedestrian,96,342,416,270,330
1522711323305,7,1,pedestrian,94,344,401,290,330
1522711323305,8,1,pedestrian,94,358,399,304,329
1522711323305,9,1,pedestrian,83,378,404,318,331
1522711323305,10,1,pedestrian,73,402,393,350,331
1522711323305,11,1,pedestrian,91,312,444,242,352
1522711323305,12,1,pedestrian,96,342,469,234,336
1522711323305,13,1,pedestrian,97,363,466,253,335
1522711323305,14,1,pedestrian,96,367,464,260,333
1522711323305,15,1,pedestrian,97,379,463,269,332
1522711323305,16,1,pedestrian,95,397,458,290,337
1522711323305,17,1,pedestrian,91,418,445,324,341
1522711323305,18,1,pedestrian,77,421,411,365,346
1522711323305,19,1,pedestrian,94,321,466,238,362
1522711323305,20,1,pedestrian,97,350,504,222,351
1522711323305,21,1,pedestrian,98,378,507,236,348
1522711323305,22,1,pedestrian,97,384,494,255,347
1522711323305,23,1,pedestrian,98,396,495,269,352
1522711323305,24,1,pedestrian,96,413,497,286,358
1522711323305,25,1,pedestrian,92,434,488,312,358
1522711323305,26,1,pedestrian,92,330,480,226,354
1522711323305,27,1,pedestrian,96,362,512,217,348
1522711323305,28,1,pedestrian,97,385,513,232,348
1522711323305,29,1,pedestrian,97,374,482,261,359
1522711323305,30,1,pedestrian,96,383,468,284,362
1522711323305,31,1,pedestrian,93,406,468,306,364
1522711323305,32,1,pedestrian,90,424,467,325,361
1522711323305,33,1,pedestrian,75,424,456,340,362
1522711323305,34,1,pedestrian,78,332,492,220,355
1522711323305,35,1,pedestrian,89,369,512,225,346
1522711323305,36,1,pedestrian,92,382,504,247,354
1522711323305,37,1,pedestrian,91,379,475,270,357
1522711323305,38,1,pedestrian,91,384,464,288,358
1522711323305,39,1,pedestrian,87,402,464,303,354
1522711323305,40,1,pedestrian,82,422,470,317,351
1522711323305,41,1,pedestrian,89,324,492,226,368
1522711323305,42,1,pedestrian,92,367,504,238,353
1522711323305,43,1,pedestrian,94,385,498,258,352
1522711323305,44,1,pedestrian,96,381,478,274,361
1522711323305,45,1,pedestrian,97,384,473,284,361
1522711323305,46,1,pedestrian,94,401,476,294,353
1522711323305,47,1,pedestrian,87,415,477,310,350
1522711323305,48,1,pedestrian,78,417,482,313,352
1522711323305,49,1,pedestrian,70,407,530,251,344
1522711323305,50,1,pedestrian,82,410,510,264,345
1522711323305,51,1,pedestrian,90,403,499,268,346
1522711323305,52,1,pedestrian,83,404,491,279,348
1522711323305,53,1,pedestrian,72,420,489,298,348
1522711323305,54,1,pedestrian,71,378,547,233,353
1522711323305,55,1,pedestrian,84,411,552,244,332
1522711323305,56,1,pedestrian,90,432,551,243,313
1522711323305,57,1,pedestrian,92,433,548,247,313
1522711323305,58,1,pedestrian,89,434,540,257,318
1522711323305,59,1,pedestrian,76,447,534,277,326
1522711323705,1,4,stop,85,287,294,299,308
1522711326005,1,1,pedestrian,88,444,374,422,348
1522711326005,2,1,pedestrian,92,467,389,430,349
1522711326005,3,1,pedestrian,90,490,400,445,351
1522711326005,4,1,pedestrian,79,519,410,463,350
1522711326005,5,1,pedestrian,79,464,407,410,346
1522711326005,6,1,pedestrian,75,484,423,417,350
1522711326005,7,1,pedestrian,72,484,451,398,350
1522711326005,8,1,pedestrian,78,507,481,397,353
1522711326005,9,1,pedestrian,73,516,494,390,343
1522711326005,10,1,pedestrian,76,542,525,379,337
1522711326005,11,1,pedestrian,70,548,536,378,337
1522711326005,12,1,pedestrian,80,557,550,373,334
1522711326005,13,1,pedestrian,84,578,566,366,324
1522711326005,14,1,pedestrian,85,569,571,351,328
1522711326005,15,1,pedestrian,75,555,568,341,334
1522711326005,16,1,pedestrian,78,566,559,375,332
1522711326005,17,1,pedestrian,81,586,577,361,317
1522711326005,18,1,pedestrian,85,584,590,345,319
1522711326005,19,1,pedestrian,88,579,604,323,314
1522711326005,20,1,pedestrian,90,555,567,380,341
1522711326005,21,1,pedestrian,95,574,583,377,330
1522711326005,22,1,pedestrian,96,578,585,374,327
1522711326005,23,1,pedestrian,98,577,589,367,328
1522711326005,24,1,pedestrian,96,586,592,378,329
1522711326005,25,1,pedestrian,85,527,549,388,369
1522711326005,26,1,pedestrian,91,556,567,384,350
1522711326005,27,1,pedestrian,93,569,569,393,347
1522711326005,28,1,pedestrian,93,573,571,396,346
1522711326005,29,1,pedestrian,89,581,574,405,346
1522711326105,1,1,pedestrian,85,349,399,311,346
1522711326105,2,1,pedestrian,77,384,420,325,341
1522711326105,3,1,pedestrian,71,450,397,402,340
1522711326105,4,1,pedestrian,89,453,376,429,350
1522711326105,5,1,pedestrian,84,465,379,443,355
1522711326105,6,1,pedestrian,75,365,439,294,348
1522711326105,7,1,pedestrian,79,457,402,414,353
1522711326205,1,1,pedestrian,70,447,345,447,348
1522711326205,2,1,pedestrian,70,450,350,447,347
1522711326205,3,1,pedestrian,76,475,366,452,341
1522711326205,4,1,pedestrian,74,503,384,464,340
1522711326205,5,1,pedestrian,82,450,361,434,339
1522711326205,6,1,pedestrian,92,460,380,431,341
1522711326205,7,1,pedestrian,96,490,414,437,348
1522711326205,8,1,pedestrian,96,520,440,447,348
1522711326205,9,1,pedestrian,93,536,445,459,349
1522711326205,10,1,pedestrian,78,473,414,416,342
1522711326205,11,1,pedestrian,87,512,465,412,347
1522711326205,12,1,pedestrian,83,544,501,419,350
1522711326205,13,1,pedestrian,75,564,515,422,351
1522711326205,14,1,pedestrian,73,513,470,416,358
1522711326205,15,1,pedestrian,72,537,505,412,361
1522711326205,16,1,pedestrian,79,527,483,421,365
1522711326205,17,1,pedestrian,77,544,522,408,367
1522711326305,1,1,pedestrian,87,465,355,456,348
1522711326305,2,1,pedestrian,83,488,374,461,345
1522711326305,3,1,pedestrian,85,516,384,481,346
1522711326305,4,1,pedestrian,82,542,403,490,344
1522711326305,5,1,pedestrian,94,466,369,447,348
1522711326305,6,1,pedestrian,97,485,405,438,351
1522711326305,7,1,pedestrian,98,517,457,425,350
1522711326305,8,1,pedestrian,98,551,477,441,349
1522711326305,9,1,pedestrian,97,582,491,456,347
1522711326305,10,1,pedestrian,92,586,489,462,348
1522711326305,11,1,pedestrian,75,475,405,429,351
1522711326305,12,1,pedestrian,89,504,443,425,354
1522711326305,13,1,pedestrian,93,536,488,417,355
1522711326305,14,1,pedestrian,93,570,515,425,354
1522711326305,15,1,pedestrian,78,591,521,442,356
1522711326305,16,1,pedestrian,91,512,434,441,356
1522711326305,17,1,pedestrian,92,532,459,440,358
1522711326305,18,1,pedestrian,88,549,469,451,364
1522711326305,19,1,pedestrian,71,568,494,447,361
1522711326305,20,1,pedestrian,92,519,445,448,366
1522711326305,21,1,pedestrian,95,538,467,447,365
1522711326305,22,1,pedestrian,91,561,492,442,362
1522711326305,23,1,pedestrian,79,565,510,431,356
1522711326305,24,1,pedestrian,80,521,457,445,366
1522711326305,25,1,pedestrian,89,545,475,441,361
1522711326305,26,1,pedestrian,81,564,497,431,358
1522711326305,27,1,pedestrian,78,598,554,430,335
1522711326305,28,1,pedestrian,80,587,554,411,338
1522711326305,29,1,pedestrian,72,566,549,408,347
1522711326305,30,1,pedestrian,73,574,564,427,372
1522711326405,1,1,pedestrian,73,472,394,443,357
1522711326405,2,1,pedestrian,78,493,529,400,398
1522711326505,1,1,pedestrian,81,474,399,439,360
1522711326505,2,1,pedestrian,88,483,388,461,364
1522711326505,3,1,pedestrian,81,503,402,468,363
1522711326505,4,1,pedestrian,71,463,394,447,374
1522711326505,5,1,pedestrian,90,482,399,461,377
1522711326505,6,1,pedestrian,90,503,414,472,380
1522711326505,7,1,pedestrian,80,529,437,473,374
1522711326505,8,1,pedestrian,78,462,408,445,390
1522711326505,9,1,pedestrian,88,481,411,459,387
1522711326505,10,1,pedestrian,87,499,424,464,387
1522711326505,11,1,pedestrian,83,529,451,466,384
1522711326505,12,1,pedestrian,76,446,426,424,399
1522711326505,13,1,pedestrian,89,465,425,440,391
1522711326505,14,1,pedestrian,93,489,429,451,384
1522711326505,15,1,pedestrian,91,504,442,456,389
1522711326505,16,1,pedestrian,85,524,460,455,388
1522711326505,17,1,pedestrian,71,472,449,431,388
1522711326505,18,1,pedestrian,83,503,456,444,374
1522711326505,19,1,pedestrian,76,515,467,443,370
1522711326505,20,1,pedestrian,70,543,547,404,359
1522711326607,1,1,pedestrian,72,517,467,473,400
1522711327205,1,1,pedestrian,70,619,549,470,368
1522711327205,2,1,pedestrian,70,595,536,466,381
1522711327205,3,1,pedestrian,83,623,575,450,359
1522711327905,1,0,car,75,322,456,270,380
1522711328607,1,4,stop,84,130,311,148,327
1522711329106,1,4,stop,82,123,303,145,325
1522711330005,1,0,car,79,585,565,445,367
1522711330005,2,0,car,74,592,543,460,355
1522711330005,3,0,car,74,496,488,432,376
1522711330005,4,0,car,71,525,505,446,387
1522711330005,5,0,car,70,543,525,446,387
1522711330005,6,0,car,78,554,541,440,381
1522711330005,7,0,car,76,506,489,445,392
1522711330005,8,0,car,87,519,497,451,396
1522711330005,9,0,car,90,529,511,448,392
1522711330005,10,0,car,94,537,513,453,389
1522711330005,11,0,car,84,547,506,469,389
1522711330005,12,0,car,77,506,495,450,407
1522711330005,13,0,car,86,516,495,458,406
1522711330005,14,0,car,84,521,498,453,399
1522711330005,15,0,car,88,537,501,462,394
1522711330005,16,0,car,79,554,501,476,391
1522711334105,1,4,stop,72,451,345,469,364
1522711341105,1,0,car,70,298,415,287,388
1522711341105,2,0,car,77,458,510,349,356
1522711341105,3,0,car,81,468,510,366,372
1522711341105,4,0,car,80,478,509,397,399
1522711342005,1,0,car,71,302,413,284,386
1522711342105,1,0,car,79,220,430,194,385
1522711342105,2,0,car,75,235,479,176,383
